year,nr_papers,processed,nr_pos_analyseSentiment,nr_neg_analyseSentiment,nr_neutral_analyseSentiment,nr_pos_nltkSentiment,nr_neg_nltkSentiment,nr_neutral_nltkSentiment,nr_pos_textBlobSentiment,nr_neg_textBlobSentiment,nr_neutral_textBlobSentiment
2021,134452,1000,600,118,282,354,369,277,499,9,492
2020,732401,1000,539,166,295,226,512,262,514,1,485
2019,608062,1000,1046,307,647,462,983,555,1013,5,982
2018,617159,1000,1688,381,931,724,1425,851,1516,8,1476
2017,486746,1000,2209,477,1314,941,1885,1174,1920,14,2066
2016,437028,1000,2688,575,1737,1216,2282,1502,2314,20,2666
2015,402582,1000,3167,648,2185,1346,2750,1904,2628,20,3352
2014,415666,1000,3573,728,2699,1534,3111,2355,2981,20,3999
2013,330273,1000,3909,832,3259,1695,3449,2856,3270,22,4708
2012,274621,1000,4297,954,3749,1866,3890,3244,3625,24,5351
2011,232346,1000,4836,1059,4105,2099,4353,3548,4050,30,5920
2010,211101,1000,5329,1234,4437,2340,4841,3819,4555,37,6408
2009,251391,1000,5472,1532,4996,2420,5281,4299,4753,38,7209
2008,510091,1000,5886,1638,5476,2527,5812,4661,5130,40,7830
2007,337020,1000,6470,1764,5766,2837,6229,4934,5712,46,8242
